course1 | course2 | common students
3 122 8
6 131 3
3 134 2
10 127 33
5 131 28
12 127 1
3 140 6
2 140 67
2 129 3
1 129 37
3 127 22
12 121 24
3 129 23
0 135 55
5 129 35
8 126 37
1 133 45
6 146 1
22 130 38
26 127 30
8 145 7
34 120 2
24 131 3
19 136 14
18 138 18
25 131 3
8 148 60
8 149 45
30 127 6
21 136 1
9 149 32
32 127 55
8 151 42
18 126 4
16 128 30
18 127 11
4 141 21
12 134 21
18 129 26
22 126 59
11 138 8
6 144 5
45 126 30
32 136 41
36 132 24
12 156 29
27 147 11
42 132 28
6 166 20
42 130 9
37 135 36
19 144 38
9 154 8
28 135 4
37 126 6
18 144 20
20 142 34
9 152 13
6 155 19
3 158 63
27 133 6
31 129 31
35 132 60
39 127 19
12 154 6
4 162 9
36 130 13
18 147 2
10 155 2
1 164 30
39 125 20
27 159 16
32 154 18
28 158 17
47 139 35
43 144 27
6 181 49
40 144 11
58 126 2
8 176 3
47 137 50
56 129 5
38 147 47
23 162 30
30 155 41
51 139 25
58 133 17
54 134 7
50 138 24
7 182 20
24 154 20
30 149 43
14 165 49
44 135 18
15 161 30
11 166 33
42 135 4
31 146 28
51 131 34
46 136 6
21 161 59
25 158 2
28 152 32
27 153 4
10 170 30
12 168 59
38 142 55
56 125 40
3 178 3
28 153 21
67 138 3
51 154 8
9 196 2
59 146 30
10 195 21
2 202 32
62 142 20
18 186 3
24 180 23
20 186 9
18 182 40
62 138 34
60 140 40
46 157 54
58 145 53
50 153 36
81 121 29
12 190 10
70 132 8
51 151 18
71 126 5
3 194 30
10 186 12
65 131 30
74 122 32
75 121 7
43 153 15
55 144 14
68 131 18
43 155 17
69 129 20
27 166 29
28 165 16
26 167 30
33 160 30
70 122 23
9 186 2
36 159 44
61 134 30
39 155 19
34 160 32
32 162 30
24 196 4
3 217 8
54 166 1
0 220 5
42 178 22
6 215 12
18 203 13
51 170 8
98 123 30
56 166 10
38 184 18
20 202 6
67 155 20
29 193 60
27 196 8
55 168 10
70 146 29
58 158 48
11 206 11
44 173 30
2 216 14
30 188 30
46 172 60
27 191 49
78 141 9
10 202 22
86 126 3
79 133 60
88 124 30
34 179 30
87 126 30
78 136 21
49 165 55
71 144 5
54 161 22
3 212 35
77 138 30
56 152 31
86 122 57
2 207 4
49 161 5
44 166 8
20 191 11
30 181 11
43 196 3
106 133 19
115 124 8
5 234 26
14 224 11
105 133 3
67 170 22
66 171 30
0 237 60
75 162 21
30 206 6
44 192 60
105 131 1
51 184 11
73 162 30
85 150 30
19 215 34
27 207 17
107 127 3
57 176 27
109 124 18
5 228 21
24 207 35
34 197 30
51 180 7
68 163 12
20 209 60
72 157 48
67 161 4
51 177 30
92 136 37
8 220 6
72 155 2
13 214 4
41 186 34
83 144 30
13 213 31
57 169 60
99 126 4
36 189 30
90 135 3
7 217 10
104 120 28
111 143 30
114 140 30
119 135 30
84 171 30
25 227 12
56 196 43
116 136 30
22 231 30
60 190 20
52 198 30
44 207 4
19 232 24
32 216 6
11 238 29
39 210 42
20 226 30
37 210 18
24 220 10
27 218 10
105 140 7
25 217 2
36 206 2
105 137 10
118 124 4
90 153 24
102 138 3
57 183 7
5 235 30
54 187 30
57 184 1
95 146 30
85 156 1
92 183 23
39 236 50
106 168 21
53 221 60
76 198 30
40 233 22
73 200 30
55 218 50
61 211 30
113 166 3
56 222 4
48 229 30
96 180 30
71 212 25
67 215 11
42 239 57
97 190 30
71 215 3
69 217 40
81 203 1
110 174 30
30 228 9
55 204 23
106 153 20
117 142 11
54 205 60
99 157 18
58 199 30
24 238 25
102 160 37
43 219 53
31 232 8
103 160 30
41 222 26
100 163 18
102 158 20
36 224 30
57 203 16
82 178 4
93 168 60
115 152 22
34 233 14
30 234 4
28 236 10
89 175 30
113 152 17
40 230 58
63 208 60
51 220 9
109 160 21
75 230 2
100 204 12
74 232 28
83 225 30
82 229 2
109 204 21
82 233 24
112 204 4
101 187 30
72 216 10
108 185 30
117 178 31
94 201 30
85 213 29
64 234 30
62 238 6
105 195 39
80 223 30
118 223 30
112 229 26
113 227 18
117 219 7
99 224 19
117 206 11
118 214 26
104 229 2
90 239 3
