course ID | course capacity | time period
00000		120		0
00001		150		0
00002		120		0
00003		200		0
00004		30		0
00005		150		0
00006		150		0
00007		30		0
00008		200		0
00009		180		0
00010		120		0
00011		120		0
00012		150		0
00013		120		0
00014		60		0
00015		30		0
00017		150		0
00016		30		0
00019		150		0
00018		150		0
00021		60		0
00020		150		0
00023		30		0
00022		150		0
00025		30		0
00024		120		0
00027		150		0
00026		60		0
00029		60		0
00028		120		0
00031		120		0
00030		150		0
00034		120		0
00035		60		0
00032		150		0
00033		30		0
00038		120		0
00039		150		0
00036		150		0
00037		60		0
00042		120		0
00043		150		0
00040		150		0
00041		60		0
00046		120		0
00047		120		0
00044		120		0
00045		30		0
00051		150		0
00050		60		0
00049		60		0
00048		30		0
00055		120		0
00054		120		0
00053		60		0
00052		30		0
00059		30		0
00058		150		0
00057		150		0
00056		150		0
00063		60		0
00062		60		0
00061		60		0
00060		60		0
00068		30		0
00069		60		0
00070		60		0
00071		60		0
00064		30		0
00065		30		0
00066		30		0
00067		60		0
00076		30		0
00077		30		0
00078		30		0
00079		60		0
00072		60		0
00073		60		0
00074		60		0
00075		30		0
00085		60		0
00084		30		0
00087		30		0
00086		60		0
00081		30		0
00080		30		0
00083		60		0
00082		30		0
00093		60		0
00092		60		0
00095		30		0
00094		30		0
00089		30		0
00088		30		0
00091		30		0
00090		30		0
00102		60		0
00103		30		0
00100		30		0
00101		30		0
00098		30		0
00099		60		0
00096		30		0
00097		30		0
00110		30		0
00111		30		0
00108		30		0
00109		60		0
00106		60		0
00107		30		0
00104		30		0
00105		60		0
00119		30		0
00118		60		0
00117		60		0
00116		30		0
00115		30		0
00114		30		0
00113		60		0
00112		30		0
00127		180		1
00126		180		1
00125		60		1
00124		60		1
00123		30		1
00122		120		1
00121		60		1
00120		30		1
00137		60		1
00136		150		1
00139		60		1
00138		120		1
00141		30		1
00140		150		1
00143		30		1
00142		120		1
00129		180		1
00128		30		1
00131		120		1
00130		60		1
00133		150		1
00132		120		1
00135		150		1
00134		60		1
00152		120		1
00153		120		1
00154		60		1
00155		120		1
00156		30		1
00157		120		1
00158		150		1
00159		60		1
00144		150		1
00145		60		1
00146		120		1
00147		60		1
00148		60		1
00149		120		1
00150		30		1
00151		60		1
00171		60		1
00170		60		1
00169		60		1
00168		150		1
00175		30		1
00174		30		1
00173		30		1
00172		60		1
00163		30		1
00162		120		1
00161		120		1
00160		150		1
00167		30		1
00166		120		1
00165		120		1
00164		30		1
00186		60		1
00187		60		1
00184		30		1
00185		30		1
00190		60		1
00191		60		1
00188		30		1
00189		30		1
00178		60		1
00179		30		1
00176		30		1
00177		30		1
00182		60		1
00183		30		1
00180		60		1
00181		60		1
00205		60		1
00204		60		1
00207		60		1
00206		30		1
00201		30		1
00200		30		1
00203		30		1
00202		60		1
00197		30		1
00196		60		1
00199		30		1
00198		60		1
00193		60		1
00192		60		1
00195		60		1
00194		30		1
00220		30		1
00221		60		1
00222		30		1
00223		60		1
00216		30		1
00217		60		1
00218		60		1
00219		60		1
00212		60		1
00213		60		1
00214		30		1
00215		60		1
00208		60		1
00209		60		1
00210		60		1
00211		30		1
00239		60		1
00238		60		1
00237		60		1
00236		60		1
00235		30		1
00234		60		1
00233		60		1
00232		60		1
00231		30		1
00230		60		1
00229		60		1
00228		30		1
00227		30		1
00226		30		1
00225		30		1
00224		60		1
