12980	16247
14564	18829
16875	18877
15933	21605
14311	21128
14147	15900
14281	16763
15291	13532
15011	17884
13097	15492
12686	16759
14209	18671
16105	21643
14977	20597
12578	15485
15520	16913
14554	18282
14317	19137
13890	18021
15195	17254
13712	17398
14486	13206
14525	14800
16233	17404
15231	17405
13046	14276
15680	16404
13442	17744
12736	14281
16033	18136
15183	21219
13890	19280
13147	19427
13894	19634
15338	13855
15273	23156
14314	14503
15092	16829
14562	29574
14522	18352
16181	16390
12699	19599
15624	17352
13212	16399
14692	17410
13592	18657
15588	20705
15927	18533
13070	17099
13393	20976
15913	23984
13627	17690
13690	21664
15567	14754
15699	19195
14068	19329
14556	20672
15366	19747
13775	19280
14126	17334
13923	17512
16885	20274
13849	29698
15995	23987
15683	19129
14419	14013
15696	13327
14376	17463
15271	18623
15338	17762
16174	16227
15518	17646
12916	22434
15531	17662
13901	22355
15014	18245
16131	15188
13989	17351
14360	14901
14957	21399
12136	16348
14820	19482
14901	17563
14201	21266
13584	14297
14778	17641
14047	20926
14609	26492
13888	20377
14745	20341
15140	16359
15208	20338
14625	20869
14279	18009
16865	19316
15308	21065
15826	17585
14810	25494
14662	18720
14980	18291
15952	19468
15397	18618
14720	16923
15393	28763
13259	21578
15982	22928
14962	19161
14553	15781
15467	19016
16681	16030
14688	12894
10143	20599
15390	15657
14007	17750
14395	18253
15019	18372
14873	16369
14376	20908
14617	22456
13579	18281
17156	15884
15151	21647
16098	20815
13316	18230
15238	21877
15459	22168
16418	20600
14548	19637
15786	14673
14883	21237
14367	14250
14355	19870
13863	20362
14722	14208
15795	19079
15628	17333
15365	15887
13774	28128
14278	32285
15656	14576
14851	19339
16410	17262
13925	22778
15999	21329
14439	20020
14238	14431
15060	17676
16785	18647
13991	22083
15723	26534
15985	18740
15885	16961
14994	20706
15325	16605
16231	24715
15197	17906
15680	16882
15486	20959
15755	16302
15857	19084
15911	14057
16530	15407
14090	20013
14310	23739
14506	15961
14250	17581
12604	13969
12543	23748
15781	17350
13210	26773
14611	23341
16162	18392
15906	13816
14941	20766
14822	20045
16271	27008
13834	25297
15675	15613
14905	16810
15838	18301
13843	18674
14049	20459
13077	15684
15111	16991
13532	19123
13422	16890
15352	19399
13909	27819
13765	19975
14421	21917
13081	14542
14518	18630
14738	16691
14278	17820
16095	13227
13427	16905
15433	18437
16121	18963
14580	22889
16516	23106
12343	25712
15051	20309
15228	22789
14446	13590
13778	20784
15011	17258
15270	18527
15261	14249
15348	23386
14028	19059
13971	23232
14738	22880
13690	20183
14003	16523
15847	23096
13474	26366
14642	19410
15342	16762
13182	20150
16265	24960
15758	13976
15203	18649
13212	19387
16336	21373
16113	16980
15720	20122
14169	21642
15731	17776
15305	16024
14130	19898
14599	23372
15392	19005
15124	17662
13388	18222
13255	21627
13088	19837
15916	20271
17113	20898
16705	18361
15362	15747
15140	19865
15596	18538
14998	16572
16375	17637
13221	15315
13886	15992
16997	18592
13184	14506
15815	24288
14886	17057
13207	17445
15413	20762
14531	18153
16468	19867
16085	17343
16589	25664
14950	20445
12790	24065
16326	20217
15158	13922
15547	14954
16522	17962
15688	19057
14572	16953
13710	22066
15850	18413
14694	19426
15034	17790
15642	23368
13563	21856
15428	16684
14883	23544
15108	21971
14552	14835
13356	16050
15594	15894
16053	24589
16117	13122
13881	15303
14786	21979
15373	24802
13788	18482
15616	20491
14008	14639
14513	15017
11473	20738
15733	20281
12356	17870
13385	13802
14756	16240
11038	12045
14384	17057
15965	18219
16298	18511
15043	22920
15444	19561
15768	17340
14406	19078
15211	18423
13338	20971
14057	18521
14517	19433
15825	20545
12882	20038
15103	21613
14663	16981
12421	17959
15405	21416
15814	20456
14740	16656
13374	15908
14496	16714
12908	23435
14115	18803
15379	25570
14958	21036
15495	18038
13157	12704
14111	13181
15292	19637
14695	22729
14772	16745
15894	24332
13147	21079
14123	18039
11277	15162
11568	15979
15830	24179
14160	20228
14250	16045
13643	18411
15853	19164
16211	20918
13162	13406
13356	16839
13867	22050
16831	20128
15580	21356
14201	15523
14594	24017
16291	19938
13671	15617
16425	20153
13911	22955
14152	18896
15052	23220
14664	19496
14887	21058
16614	20807
13851	17605
16186	20638
15869	17600
13071	16097
15752	18288
13206	18197
15459	23544
15710	16663
14298	16367
13562	16640
15322	17672
15864	15508
15663	20168
13237	21110
13562	17952
15734	18093
15990	20750
13170	28263
12233	12310
13841	18046
14678	18271
16502	18232
15704	19725
16639	17528
16403	18744
14993	24667
14607	13245
14316	18537
16219	19971
16732	18820
15497	17432
14643	25776
15636	16715
16418	18939
14139	16512
14325	13379
14830	22395
14570	22646
15809	15986
15443	25506
14889	20674
14322	20422
13499	16740
13540	19880
16317	16664
14213	27647
15895	19738
15320	16636
14871	17360
13018	17172
15294	21758
13076	23206
13070	15433
14364	24301
17191	15257
16040	25211
13815	20275
15664	18992
13649	26309
16181	18065
14313	13264
14959	23806
13209	15339
14941	15185
15201	18605
12688	19279
14820	20516
12608	17759
15213	16869
15363	13597
13543	15945
15940	21374
13841	24059
14516	25215
15243	21420
17224	16939
15468	24463
15327	16733
17111	30674
15668	19265
14454	19967
15525	21552
16443	18880
14266	17730
15052	19606
13511	13998
13767	15065
15539	17257
15079	28029
13246	20658
14768	17637
14058	21998
15309	18102
15390	17983
12361	23028
15544	18434
15621	27360
14519	16871
13707	19469
15181	18210
15721	19541
14275	22313
13990	18667
15291	20479
16012	16667
16535	18468
17407	19589
15848	18753
14006	19238
14442	22192
14220	19955
14337	18565
17038	18827
15110	16783
15357	15847
13629	19234
15260	20162
15922	15861
15189	14582
13269	14568
14947	19104
14395	12105
14733	20217
11669	14697
12367	18640
15512	18841
12921	14792
13333	18652
14868	20160
14002	21191
14509	21663
13747	15330
16408	22846
15187	29776
14365	20747
15366	18034
15096	20556
14083	21374
15489	23660
14355	18996
16104	18046
14130	15400
15639	23024
13419	17202
13160	16372
16261	16299
14846	20117
15017	23055
16167	15723
14747	21554
14521	18839
12299	18509
16254	25838
15852	16737
13397	21009
16109	16778
12345	13016
15355	18547
15612	13931
14281	16682
15707	17447
14562	23180
13919	14789
13608	13811
15141	21157
15794	26363
15450	27468
16583	20110
14613	16526
16116	16779
14628	20628
14267	17354
15470	13745
16116	20491
13622	22167
12527	20215
14375	19962
14309	24317
15416	18788
16190	23678
15901	18728
14930	19304
14618	18669
13256	20063
13377	14096
15441	19576
16932	17030
14561	20590
16197	23192
14185	21929
13555	20895
15738	20392
17027	17731
15376	15898
14742	20962
14408	16898
16250	23443
15335	24035
15573	24655
16171	19955
16184	20238
15450	22044
14821	18529
12784	16755
16037	18399
15648	26855
14555	19644
15097	16435
14897	15527
14974	11216
15080	20111
14426	21942
13842	17347
15264	18116
15520	18025
13748	25482
14507	15611
14364	19843
14864	26558
15208	23780
16612	25475
14211	15642
15108	16162
14303	13155
14070	19694
14214	18637
14004	20237
14762	20357
15024	22273
14105	16615
15461	25909
15170	15413
16366	18784
14026	21326
15365	22194
15222	20618
12161	18578
14049	16040
15514	14555
15471	11872
15365	18012
13589	23716
14988	21170
14975	16986
14831	16803
15455	16356
14258	21489
15386	18178
15027	19459
15468	20277
12924	15832
14757	20421
16377	16322
13130	22157
15866	21346
14147	18680
15900	17989
16706	24157
14029	23564
14415	18509
14748	18641
16726	18052
13229	14775
14170	23927
14912	21462
14200	19377
14449	21423
14015	17669
15049	19185
14747	21008
13349	12329
15073	17917
15798	18586
12980	19623
14825	24534
16849	23797
15473	13907
16994	25270
15988	16208
14643	19095
15907	20393
15391	20895
15595	27532
13409	16486
13822	23877
15818	20955
15162	21496
15049	19973
15619	18193
15432	21563
16269	21125
16128	19216
14798	20194
14175	19497
15412	20480
13353	15601
13771	21060
13817	17649
14142	17359
13962	13903
14485	16054
14777	19864
16188	17310
15516	17495
14091	12180
15774	21783
15722	19021
11068	12982
14947	18688
14385	17439
15129	14348
16106	20776
14945	22909
14494	20198
16978	27314
16853	17776
15375	21802
14998	16335
15355	25017
12952	15139
12678	13973
13854	22044
13652	24311
15785	17959
14219	15821
14193	16219
14380	15898
14930	19276
15963	18512
14145	21671
12567	23895
13211	15353
15875	18862
13740	13006
12582	17059
15242	19089
14407	16132
15487	23261
15567	16933
16157	14561
16025	13756
14010	21670
14579	19341
15160	17740
13061	20107
14091	17087
13815	14402
15962	18067
15167	12835
12793	15695
14473	23052
15150	16556
15529	22852
13896	18471
16030	19627
14797	16005
14567	17854
15046	17707
13048	19383
14236	18773
13906	18827
14444	20597
15852	23209
14355	17920
13957	17580
16151	21582
16376	24353
16212	20984
16432	19616
14891	23452
12881	21546
15431	21410
17736	14674
12361	19054
15204	22400
14945	22913
14826	14974
13793	17311
14893	15742
15786	18059
16098	23848
14821	18382
14283	15724
14221	18839
16367	20188
13852	13088
15978	19374
14843	15353
14102	14205
14171	22881
14135	16639
15399	21980
13524	15240
15443	24729
15326	20043
15034	18370
13195	16622
16332	15610
13605	16285
16579	13649
14781	17563
13523	23325
15687	19551
14985	23184
14045	17280
15181	25057
13067	15973
15295	21822
15599	19358
15502	21830
13576	22558
12534	20096
15102	17427
15084	17901
13195	19089
14248	14255
16126	16585
14514	20244
14706	18169
13029	25255
15946	22087
16303	17870
13731	27090
15046	18171
14837	18923
13871	21193
16018	19972
13020	19034
16427	23869
15280	21435
15048	18002
15923	17101
14259	22272
12707	26779
13700	16600
15071	24245
15674	15634
16549	23297
16076	17392
15106	15773
16249	15794
15004	21746
14627	22801
16229	21236
13229	18641
14307	16848
15912	26302
13454	17837
14851	15399
13575	17894
14320	21078
15128	20514
16749	16521
12778	15895
13387	18778
14422	27394
15590	22821
13657	13750
15478	17718
15513	20052
15522	19603
13561	21156
13493	19480
16706	20646
15500	23614
16096	16589
16721	20250
16030	18304
16198	24472
15702	20022
14271	18750
15066	21036
14628	19848
14055	18633
14386	23535
14466	18827
14103	21169
15908	15561
12832	16631
12898	23553
12893	17501
12998	15723
15643	17826
15972	18756
15145	16192
12935	19263
15501	16341
14745	19677
13942	16618
14778	17507
14708	27624
14936	21553
14777	16794
14784	15543
14138	18151
14348	18670
14297	14521
15093	21437
16787	20828
14440	14310
14675	17366
16512	33676
15733	17406
14819	25200
14672	19042
14180	17685
15217	19691
14880	21312
14843	16947
15811	17721
14549	23491
13671	16298
15527	27576
14123	14937
15029	25786
15361	19002
14456	13617
15387	19965
14972	18625
14942	25845
13456	24050
14472	16541
14642	12020
12206	19444
15401	11678
15293	15671
14181	14145
15560	21988
14361	19102
16446	18748
16018	30606
16602	16221
13701	19295
13928	19826
15196	15302
13198	18646
14368	25209
14517	23678
15434	19789
15817	14662
13608	13872
13997	16027
14721	15946
14785	18153
15132	20773
15451	32787
13759	16122
13754	20323
14594	15459
14391	15182
15155	17354
14882	17061
13505	16689
14271	24898
15052	18552
13782	21168
13702	15140
16338	15170
14615	19179
17221	21604
14740	22985
16231	15509
12784	13931
12764	24390
13446	15636
14786	15773
14563	15751
15194	23501
14365	19798
14853	21478
16292	16796
15231	14835
15965	18329
15586	15343
15083	21809
16350	22372
14604	21183
13568	10412
15153	12990
14273	15716
14753	17040
13407	18561
13141	23931
12823	19590
15065	18555
15170	13175
15558	18537
16150	21122
16170	20858
15544	18345
12720	17165
12504	23238
13618	17054
16877	21963
14380	15956
15356	17978
16191	17628
13260	16266
14552	13930
13855	19899
14390	21539
13607	18923
13168	17061
12640	14011
16250	26277
12452	16946
15698	26419
13240	25085
12992	10646
13810	14669
12382	14162
15866	19240
14708	19740
16252	19011
15592	29059
15592	18682
13422	15568
15041	22961
15480	27870
14110	24663
16140	20020
15775	14122
13231	16897
13595	14554
15120	19084
12417	19385
14676	14341
16449	20282
13911	16838
17191	15744
14250	23533
12688	15733
14695	19261
13954	20837
12598	18972
15206	13342
13798	18886
14374	16481
12318	21187
16153	16347
13079	15337
15335	15992
13757	14364
13975	12099
14812	27059
14597	19783
14083	22086
13289	14617
15899	24781
14770	12885
14442	21238
